22.19,1
22.19,2
22.12,3
22.12,4
22.12,5
22.19,6
22.12,7
22.19,8
22.19,9
22.19,10
22.19,11
22.19,12
22.19,13
22.19,14
22.19,15
22.19,16
22.19,17
22.19,18
22.19,19
22.19,20
22.19,21
22.12,22
22.19,23
22.19,24
22.12,25
22.12,26
22.12,27
22.12,28
22.12,29
22.12,30
22.0,1
22.06,2
22.0,3
22.06,4
22.06,5
22.06,6
22.0,7
22.0,8
22.06,9
22.0,10
22.06,11
22.0,12
22.06,13
22.0,14
22.06,15
22.0,16
22.06,17
22.06,18
22.0,19
22.0,20
22.0,21
22.06,22
22.06,23
22.06,24
22.0,25
22.0,26
22.12,27
22.19,28
22.25,29
22.31,30
22.31,31
22.37,32
22.37,33
22.37,34
22.37,35
22.44,36
22.37,37
22.37,38
22.44,39
22.37,40
22.37,41
22.37,42
22.44,43
22.37,44
22.37,45
22.37,46
22.37,47
22.37,48
22.81,1
22.75,2
22.94,3
23.37,4
24.06,5
24.94,6
26.0,7
27.19,8
28.5,9
29.94,10
31.37,11
32.88,12
34.38,13
35.94,14
37.56,15
39.13,16
40.69,17
42.25,18
43.81,19
45.38,20
46.94,21
48.44,22
49.94,23
51.44,24
52.94,25
54.31,26
55.75,27
57.19,28
58.56,29
59.94,30
61.25,31
62.5,32
63.75,33
65.0,34
66.25,35
67.5,36
68.75,37
69.87,38
71.0,39
72.19,40
73.25,41
74.31,42
75.44,43
76.5,44
77.5,45
78.56,46
79.56,47
80.5,48
81.5,49
82.37,50
83.31,51
84.25,52
85.12,53
85.94,54
86.87,55
87.75,56
88.62,57
89.37,58
90.19,59
90.94,60
91.69,61
92.44,62
93.19,63
93.87,64
94.56,65
95.19,66
95.81,67
96.12,68
96.12,69
95.87,70
95.31,71
94.62,72
93.81,73
93.0,74
92.0,75
91.31,76
90.81,77
90.56,78
90.44,79
90.5,80
90.75,81
91.06,82
91.44,83
92.0,84
92.56,85
93.12,86
93.69,87
94.31,88
94.87,89
95.44,90
95.69,91
95.69,92
95.37,93
94.87,94
94.19,95
93.37,96
92.56,97
91.62,98
90.94,99
90.44,100
90.12,101
90.0,102
90.06,103
90.25,104
90.56,105
90.94,106
91.44,107
91.94,108
92.5,109
93.12,110
93.75,111
94.37,112
95.0,113
95.62,114
95.94,115
95.94,116
95.69,117
95.19,118
94.56,119
93.75,120
93.0,121
92.06,122
91.44,123
90.87,124
90.62,125
90.56,126
90.62,127
90.75,128
91.06,129
91.5,130
91.94,131
92.44,132
93.0,133
93.62,134
94.25,135
94.81,136
95.37,137
95.69,138
95.69,139
95.44,140
94.94,141
94.31,142
93.5,143
92.75,144
91.81,145
91.12,146
90.62,147
90.37,148
90.31,149
90.37,150
90.62,151
90.87,152
91.31,153
91.87,154
92.31,155
92.94,156
93.56,157
94.19,158
94.87,159
95.5,160
95.75,161
95.81,162
95.62,163
95.12,164
94.44,165
93.62,166
92.81,167
92.0,168
91.31,169
90.87,170
90.56,171
90.44,172
90.56,173
90.81,174
91.25,175
91.62,176
92.12,177
92.69,178
93.25,179
93.87,180
94.44,181
94.94,182
95.5,183
95.75,184
95.69,185
95.37,186
94.87,187
94.25,188
93.44,189
92.56,190
91.69,191
91.0,192
90.56,193
90.25,194
90.12,195
90.06,196
90.19,197
90.44,198
90.81,199
91.25,200
91.75,201
92.31,202
92.94,203
93.56,204
94.19,205
94.81,206
95.37,207
95.62,208
95.69,209
95.37,210
94.94,211
94.31,212
93.5,213
92.75,214
91.87,215
91.19,216
90.75,217
90.5,218
90.37,219
90.44,220
90.69,221
91.0,222
91.37,223
91.94,224
92.44,225
93.0,226
93.62,227
94.25,228
94.81,229
95.37,230
95.69,231
95.69,232
95.44,233
94.94,234
94.31,235
93.56,236
92.75,237
91.94,238
91.19,239
90.75,240
90.44,241
90.37,242
90.5,243
90.69,244
91.06,245
91.44,246
91.94,247
92.5,248
93.06,249
93.69,250
94.31,251
94.87,252
95.44,253
95.75,254
95.75,255
95.5,256
95.06,257
94.44,258
93.62,259
92.87,260
92.0,261
91.31,262
90.87,263
90.56,264
90.5,265
90.56,266
90.81,267
91.19,268
91.56,269
92.06,270
92.62,271
93.19,272
93.81,273
94.44,274
95.06,275
95.62,276
95.94,277
95.94,278
95.62,279
95.19,280
94.56,281
93.81,282
93.0,283
92.12,284
91.37,285
90.94,286
90.69,287
90.62,288
90.69,289
90.94,290
91.25,291
91.62,292
92.12,293
92.69,294
93.25,295
93.87,296
94.5,297
95.06,298
95.62,299
95.94,300
95.94,301
95.75,302
95.25,303
94.62,304
93.81,305
93.06,306
92.19,307
91.5,308
91.0,309
90.75,310
90.69,311
90.81,312
91.0,313
91.37,314
91.81,315
92.25,316
92.81,317
93.37,318
94.0,319
94.62,320
95.19,321
95.81,322
96.12,323
96.12,324
95.94,325
95.44,326
94.81,327
94.0,328
93.19,329
92.31,330
91.75,331
91.25,332
90.94,333
90.87,334
90.87,335
91.12,336
91.44,337
91.87,338
92.37,339
93.0,340
93.62,341
94.25,342
94.81,343
95.31,344
95.62,345
95.62,346
95.31,347
94.81,348
94.12,349
93.37,350
92.56,351
91.75,352
91.06,353
90.56,354
90.31,355
90.25,356
90.37,357
90.62,358
91.0,359
91.44,360
91.94,361
92.5,362
93.06,363
93.69,364
94.31,365
94.94,366
95.56,367
95.87,368
95.94,369
95.69,370
95.19,371
94.56,372
93.75,373
93.0,374
92.12,375
91.44,376
90.94,377
90.69,378
90.62,379
90.75,380
90.94,381
91.25,382
91.69,383
92.25,384
92.75,385
93.37,386
94.0,387
94.62,388
95.19,389
95.81,390
96.12,391
96.19,392
95.94,393
95.5,394
94.81,395
94.0,396
93.19,397
92.31,398
91.62,399
91.12,400
90.87,401
90.81,402
90.87,403
91.06,404
91.44,405
91.87,406
92.37,407
92.94,408
93.5,409
94.19,410
94.75,411
95.31,412
95.62,413
95.62,414
95.31,415
94.87,416
94.25,417
93.44,418
92.62,419
91.75,420
91.06,421
90.62,422
90.44,423
90.37,424
90.44,425
90.62,426
91.0,427
91.44,428
91.94,429
92.5,430
93.12,431
93.69,432
94.37,433
94.94,434
95.5,435
95.87,436
95.87,437
95.56,438
95.12,439
94.5,440
93.69,441
92.94,442
92.06,443
91.37,444
90.94,445
90.69,446
90.62,447
90.69,448
90.94,449
91.25,450
91.75,451
92.19,452
92.75,453
93.37,454
94.0,455
94.69,456
95.25,457
95.87,458
96.12,459
96.12,460
95.87,461
95.37,462
94.75,463
94.0,464
93.25,465
92.31,466
91.62,467
91.06,468
90.87,469
90.81,470
90.87,471
91.12,472
91.44,473
91.87,474
92.44,475
92.94,476
93.56,477
94.19,478
94.69,479
95.31,480
95.56,481
95.62,482
95.37,483
94.87,484
94.25,485
93.44,486
92.69,487
91.81,488
91.12,489
90.69,490
90.44,491
90.37,492
90.44,493
90.69,494
91.06,495
91.56,496
92.06,497
92.62,498
93.19,499
93.75,500
94.37,501
94.94,502
95.56,503
95.87,504
95.87,505
95.56,506
95.06,507
94.37,508
93.62,509
92.81,510
91.94,511
91.31,512
90.81,513
90.56,514
90.56,515
90.62,516
90.81,517
91.19,518
91.5,519
92.0,520
92.56,521
93.12,522
93.69,523
94.31,524
94.87,525
95.44,526
95.69,527
95.69,528
95.44,529
94.94,530
94.31,531
93.56,532
92.75,533
91.87,534
91.25,535
90.81,536
90.56,537
90.5,538
90.56,539
90.75,540
91.06,541
91.56,542
92.06,543
92.62,544
93.12,545
93.75,546
94.31,547
94.87,548
95.44,549
95.69,550
95.69,551
95.37,552
94.94,553
94.25,554
93.5,555
92.69,556
91.81,557
91.12,558
90.62,559
90.37,560
90.31,561
90.44,562
90.56,563
90.94,564
91.31,565
91.75,566
92.31,567
92.87,568
93.44,569
94.06,570
94.62,571
95.12,572
95.44,573
95.37,574
95.12,575
94.62,576
94.0,577
93.25,578
92.5,579
91.87,580
91.44,581
91.25,582
91.19,583
91.25,584
91.5,585
91.81,586
92.19,587
92.62,588
93.12,589
93.75,590
94.31,591
94.75,592
95.31,593
95.5,594
95.5,595
95.25,596
94.75,597
94.19,598
93.44,599
92.56,600
91.56,601
90.75,602
89.94,603
89.06,604
88.12,605
87.19,606
86.12,607
85.06,608
84.0,609
82.94,610
81.87,611
80.81,612
79.75,613
78.75,614
77.69,615
76.69,616
75.69,617
74.69,618
73.75,619
72.81,620
71.87,621
71.0,622
70.12,623
69.25,624
68.44,625
67.62,626
66.81,627
66.06,628
65.31,629
64.56,630
63.81,631
63.13,632
62.44,633
61.75,634
61.06,635
60.44,636
59.75,637
59.13,638
58.5,639
57.88,640
57.31,641
56.75,642
56.19,643
55.75,644
55.5,645
55.56,646
55.81,647
56.31,648
56.94,649
57.69,650
58.5,651
59.38,652
60.0,653
60.44,654
60.69,655
60.75,656
60.69,657
60.5,658
60.25,659
59.88,660
59.5,661
59.06,662
58.63,663
58.13,664
57.63,665
57.06,666
56.56,667
56.06,668
55.69,669
55.5,670
55.5,671
55.81,672
56.25,673
56.94,674
57.69,675
58.44,676
59.31,677
59.94,678
60.38,679
60.56,680
60.56,681
60.5,682
60.31,683
60.06,684
59.75,685
59.31,686
58.88,687
58.38,688
57.88,689
57.38,690
56.81,691
56.38,692
55.88,693
55.69,694
55.75,695
56.0,696
56.5,697
57.06,698
57.75,699
58.5,700
59.13,701
59.44,702
59.63,703
59.63,704
59.5,705
59.31,706
59.06,707
58.69,708
58.19,709
57.81,710
57.31,711
56.88,712
56.44,713
56.0,714
55.75,715
55.88,716
56.13,717
56.63,718
57.19,719
57.88,720
58.63,721
59.19,722
59.5,723
59.69,724
59.69,725
59.56,726
59.38,727
59.06,728
58.69,729
58.31,730
57.88,731
57.44,732
56.94,733
56.44,734
56.0,735
55.81,736
55.81,737
56.13,738
56.56,739
57.19,740
57.88,741
58.56,742
59.13,743
59.5,744
59.63,745
59.63,746
59.5,747
59.31,748
58.94,749
58.63,750
58.19,751
57.69,752
57.25,753
56.75,754
56.31,755
55.88,756
55.69,757
55.69,758
56.0,759
56.44,760
57.06,761
57.69,762
58.44,763
58.94,764
59.31,765
59.44,766
59.44,767
59.31,768
59.06,769
58.81,770
58.44,771
58.0,772
57.56,773
57.06,774
56.56,775
56.19,776
55.69,777
55.5,778
55.56,779
55.81,780
56.25,781
56.88,782
57.63,783
58.38,784
59.25,785
59.88,786
60.25,787
60.44,788
60.44,789
60.31,790
60.13,791
59.81,792
59.44,793
59.06,794
58.56,795
58.06,796
57.56,797
57.0,798
56.56,799
56.06,800
55.88,801
55.94,802
56.13,803
56.63,804
57.19,805
57.81,806
58.56,807
59.13,808
59.44,809
59.63,810
59.56,811
59.44,812
59.25,813
58.94,814
58.56,815
58.19,816
57.69,817
57.25,818
56.75,819
56.25,820
55.88,821
55.63,822
55.69,823
55.94,824
56.38,825
57.06,826
57.69,827
58.38,828
58.94,829
59.31,830
59.44,831
59.44,832
59.31,833
59.13,834
58.81,835
58.44,836
58.06,837
57.63,838
57.13,839
56.63,840
56.19,841
55.75,842
55.56,843
55.56,844
55.81,845
56.25,846
56.94,847
57.63,848
58.38,849
59.25,850
59.88,851
60.25,852
60.44,853
60.5,854
60.38,855
60.19,856
59.88,857
59.5,858
59.06,859
58.56,860
58.06,861
57.56,862
57.06,863
56.5,864
56.0,865
55.63,866
55.31,867
55.38,868
55.63,869
56.13,870
56.69,871
57.38,872
58.13,873
58.94,874
59.63,875
60.0,876
60.19,877
60.25,878
60.13,879
59.94,880
59.63,881
59.25,882
58.81,883
58.44,884
57.94,885
57.44,886
56.88,887
56.44,888
55.94,889
55.69,890
55.75,891
56.0,892
56.44,893
57.13,894
57.69,895
58.44,896
59.0,897
59.38,898
59.5,899
59.5,900
59.44,901
59.31,902
59.38,903
59.56,904
59.94,905
60.5,906
61.19,907
61.94,908
62.81,909
63.75,910
64.69,911
65.69,912
66.69,913
67.75,914
68.81,915
69.87,916
70.94,917
72.0,918
73.06,919
74.06,920
75.12,921
76.12,922
77.19,923
78.19,924
79.12,925
80.06,926
81.0,927
81.94,928
82.81,929
83.75,930
84.62,931
85.5,932
86.31,933
87.19,934
87.94,935
88.75,936
89.5,937
90.31,938
90.94,939
91.56,940
91.94,941
91.94,942
91.75,943
91.31,944
90.69,945
89.94,946
89.12,947
88.25,948
87.62,949
87.12,950
87.0,951
86.87,952
87.0,953
87.19,954
87.5,955
87.94,956
88.37,957
88.94,958
89.44,959
90.06,960
90.56,961
91.12,962
91.37,963
91.44,964
91.12,965
90.69,966
90.12,967
89.31,968
88.62,969
87.81,970
87.12,971
86.75,972
86.5,973
86.44,974
86.62,975
86.87,976
87.19,977
87.62,978
88.12,979
88.69,980
89.25,981
89.87,982
90.62,983
91.12,984
91.75,985
92.0,986
92.0,987
91.75,988
91.31,989
90.81,990
90.12,991
89.25,992
88.37,993
87.5,994
86.81,995
86.31,996
86.06,997
86.0,998
86.12,999
86.37,1000
86.75,1001
87.25,1002
87.75,1003
88.25,1004
88.81,1005
89.44,1006
90.12,1007
90.69,1008
91.31,1009
91.62,1010
91.62,1011
91.44,1012
90.94,1013
90.31,1014
89.62,1015
88.87,1016
88.06,1017
87.5,1018
87.12,1019
86.87,1020
86.94,1021
87.12,1022
87.37,1023
87.75,1024
88.25,1025
88.69,1026
89.25,1027
89.81,1028
90.5,1029
91.06,1030
91.62,1031
91.81,1032
91.87,1033
91.62,1034
91.12,1035
90.56,1036
89.81,1037
89.06,1038
88.25,1039
87.56,1040
87.25,1041
87.0,1042
87.0,1043
87.06,1044
87.31,1045
87.69,1046
88.06,1047
88.62,1048
89.19,1049
89.81,1050
90.37,1051
90.94,1052
91.56,1053
91.87,1054
91.87,1055
91.56,1056
91.19,1057
90.56,1058
89.87,1059
89.12,1060
88.37,1061
87.75,1062
87.31,1063
87.06,1064
87.0,1065
87.19,1066
87.5,1067
87.81,1068
88.25,1069
88.69,1070
89.25,1071
89.87,1072
90.44,1073
91.0,1074
91.56,1075
91.81,1076
91.94,1077
91.62,1078
91.19,1079
90.56,1080
89.81,1081
89.06,1082
88.31,1083
87.69,1084
87.25,1085
87.06,1086
87.0,1087
87.19,1088
87.37,1089
87.69,1090
88.19,1091
88.62,1092
89.19,1093
89.81,1094
90.37,1095
90.94,1096
91.5,1097
91.81,1098
91.81,1099
91.56,1100
91.12,1101
90.56,1102
89.81,1103
89.12,1104
88.37,1105
87.69,1106
87.31,1107
87.12,1108
87.12,1109
87.25,1110
87.5,1111
87.87,1112
88.37,1113
88.87,1114
89.44,1115
90.0,1116
90.69,1117
91.19,1118
91.81,1119
92.12,1120
92.12,1121
91.87,1122
91.44,1123
90.81,1124
90.12,1125
89.25,1126
88.44,1127
87.62,1128
86.94,1129
86.5,1130
86.25,1131
86.19,1132
86.31,1133
86.62,1134
86.94,1135
87.37,1136
87.87,1137
88.44,1138
89.06,1139
89.75,1140
90.44,1141
91.0,1142
91.56,1143
91.87,1144
91.94,1145
91.69,1146
91.25,1147
90.69,1148
89.94,1149
89.25,1150
88.44,1151
87.81,1152
87.44,1153
87.25,1154
87.19,1155
87.31,1156
87.62,1157
88.0,1158
88.37,1159
88.87,1160
89.44,1161
90.06,1162
90.56,1163
91.12,1164
91.44,1165
91.44,1166
91.25,1167
42.5,1168
42.25,1169
42.06,1170
42.06,1171
42.38,1172
42.88,1173
43.63,1174
44.38,1175
45.38,1176
46.44,1177
47.56,1178
48.81,1179
50.0,1180
51.38,1181
52.63,1182
53.88,1183
55.25,1184
56.56,1185
57.94,1186
59.19,1187
60.5,1188
61.75,1189
63.06,1190
64.31,1191
65.5,1192
66.75,1193
67.87,1194
69.06,1195
70.19,1196
71.31,1197
72.44,1198
73.56,1199
74.62,1200
75.62,1201
76.75,1202
77.75,1203
78.81,1204
79.75,1205
80.69,1206
81.62,1207
82.56,1208
83.44,1209
84.37,1210
85.31,1211
86.19,1212
87.0,1213
87.81,1214
88.56,1215
89.37,1216
90.06,1217
90.87,1218
91.62,1219
92.37,1220
93.06,1221
93.75,1222
94.44,1223
95.06,1224
95.56,1225
95.87,1226
95.81,1227
95.5,1228
95.0,1229
94.31,1230
93.5,1231
92.69,1232
91.75,1233
91.06,1234
90.5,1235
90.25,1236
90.12,1237
90.12,1238
90.31,1239
90.62,1240
91.0,1241
91.44,1242
91.87,1243
92.44,1244
93.0,1245
93.56,1246
94.19,1247
94.69,1248
95.19,1249
95.44,1250
95.37,1251
95.12,1252
94.56,1253
93.94,1254
93.19,1255
92.37,1256
91.69,1257
91.31,1258
91.12,1259
91.06,1260
91.12,1261
91.31,1262
91.56,1263
91.94,1264
92.37,1265
92.87,1266
93.37,1267
93.94,1268
94.56,1269
95.12,1270
95.69,1271
96.0,1272
95.87,1273
95.62,1274
95.06,1275
94.37,1276
93.56,1277
92.75,1278
91.81,1279
91.12,1280
90.62,1281
90.37,1282
90.19,1283
90.31,1284
90.44,1285
90.75,1286
91.12,1287
91.62,1288
92.12,1289
92.62,1290
93.19,1291
93.69,1292
94.31,1293
94.81,1294
95.31,1295
95.56,1296
95.5,1297
95.25,1298
94.75,1299
94.06,1300
93.25,1301
92.44,1302
91.56,1303
90.81,1304
90.31,1305
90.06,1306
89.94,1307
90.0,1308
90.19,1309
90.44,1310
90.81,1311
91.25,1312
91.75,1313
92.25,1314
92.81,1315
93.37,1316
94.0,1317
94.62,1318
95.19,1319
95.69,1320
96.0,1321
95.94,1322
95.69,1323
95.25,1324
94.56,1325
93.75,1326
92.94,1327
92.0,1328
91.31,1329
90.87,1330
90.62,1331
90.5,1332
90.5,1333
90.69,1334
91.0,1335
91.37,1336
91.75,1337
92.25,1338
92.81,1339
93.37,1340
94.06,1341
94.56,1342
95.06,1343
95.31,1344
95.37,1345
95.12,1346
94.56,1347
93.94,1348
93.19,1349
92.31,1350
91.62,1351
91.25,1352
90.94,1353
90.87,1354
90.94,1355
91.12,1356
91.44,1357
91.81,1358
92.31,1359
92.81,1360
93.37,1361
93.94,1362
94.5,1363
95.06,1364
95.62,1365
95.87,1366
95.87,1367
95.62,1368
95.19,1369
94.5,1370
93.75,1371
92.94,1372
92.06,1373
91.31,1374
90.81,1375
90.56,1376
90.44,1377
90.5,1378
90.69,1379
91.0,1380
91.37,1381
91.87,1382
92.37,1383
92.94,1384
93.5,1385
94.12,1386
94.62,1387
95.12,1388
95.44,1389
95.37,1390
95.12,1391
94.62,1392
93.94,1393
93.19,1394
92.44,1395
91.81,1396
91.37,1397
91.19,1398
91.12,1399
91.25,1400
91.37,1401
91.75,1402
92.12,1403
92.56,1404
93.0,1405
93.56,1406
94.12,1407
94.62,1408
95.12,1409
95.37,1410
95.37,1411
95.12,1412
94.62,1413
94.06,1414
93.31,1415
92.5,1416
91.62,1417
90.94,1418
90.5,1419
90.19,1420
90.12,1421
90.12,1422
90.37,1423
90.69,1424
91.12,1425
91.56,1426
92.12,1427
92.69,1428
93.25,1429
94.0,1430
94.62,1431
95.19,1432
95.81,1433
96.12,1434
96.12,1435
95.87,1436
95.31,1437
94.62,1438
93.81,1439
92.94,1440
92.06,1441
91.37,1442
90.87,1443
90.56,1444
90.56,1445
90.62,1446
90.81,1447
91.06,1448
91.37,1449
91.87,1450
92.31,1451
92.87,1452
93.44,1453
94.0,1454
94.62,1455
95.12,1456
95.56,1457
95.87,1458
95.81,1459
95.5,1460
95.0,1461
94.31,1462
93.56,1463
92.69,1464
91.81,1465
91.12,1466
90.75,1467
90.44,1468
90.37,1469
90.5,1470
90.62,1471
90.94,1472
91.31,1473
91.87,1474
92.37,1475
93.0,1476
93.56,1477
94.12,1478
94.62,1479
95.19,1480
95.44,1481
95.37,1482
95.06,1483
94.56,1484
93.94,1485
93.19,1486
92.37,1487
91.75,1488
91.31,1489
91.12,1490
91.06,1491
91.19,1492
91.37,1493
91.69,1494
92.06,1495
92.5,1496
93.0,1497
93.5,1498
94.06,1499
94.69,1500
95.12,1501
95.37,1502
95.31,1503
95.06,1504
94.56,1505
93.87,1506
93.12,1507
92.19,1508
91.25,1509
90.25,1510
89.12,1511
88.06,1512
86.94,1513
85.81,1514
84.69,1515
83.56,1516
82.5,1517
81.44,1518
80.31,1519
79.25,1520
78.25,1521
77.19,1522
76.19,1523
75.12,1524
74.19,1525
73.25,1526
72.31,1527
71.37,1528
70.5,1529
69.62,1530
68.81,1531
68.0,1532
67.19,1533
66.37,1534
65.62,1535
64.87,1536
64.12,1537
63.44,1538
62.69,1539
62.0,1540
61.31,1541
60.69,1542
60.0,1543
59.38,1544
58.81,1545
58.19,1546
57.63,1547
57.0,1548
56.5,1549
56.06,1550
55.81,1551
55.88,1552
56.19,1553
56.63,1554
57.25,1555
57.94,1556
58.75,1557
59.31,1558
59.69,1559
59.88,1560
59.94,1561
59.81,1562
59.63,1563
59.31,1564
59.0,1565
58.63,1566
58.19,1567
57.75,1568
57.31,1569
56.81,1570
56.38,1571
55.94,1572
55.75,1573
55.81,1574
56.13,1575
56.63,1576
57.25,1577
57.94,1578
58.69,1579
59.31,1580
59.69,1581
59.88,1582
59.88,1583
59.75,1584
59.56,1585
59.31,1586
59.0,1587
58.56,1588
58.13,1589
57.63,1590
57.19,1591
56.63,1592
56.25,1593
55.75,1594
55.56,1595
55.63,1596
55.88,1597
56.38,1598
57.0,1599
57.75,1600
58.56,1601
59.44,1602
60.06,1603
60.5,1604
60.69,1605
60.75,1606
60.63,1607
60.44,1608
60.13,1609
59.81,1610
59.38,1611
58.88,1612
58.38,1613
57.88,1614
57.38,1615
56.81,1616
56.38,1617
55.88,1618
55.69,1619
55.75,1620
56.0,1621
56.44,1622
57.06,1623
57.69,1624
58.5,1625
59.0,1626
59.38,1627
59.56,1628
59.56,1629
59.44,1630
59.25,1631
59.0,1632
58.56,1633
58.13,1634
57.75,1635
57.31,1636
56.75,1637
56.38,1638
55.88,1639
55.69,1640
55.75,1641
56.0,1642
56.44,1643
57.06,1644
57.75,1645
58.5,1646
59.06,1647
59.44,1648
59.56,1649
59.63,1650
59.5,1651
59.25,1652
58.94,1653
58.63,1654
58.19,1655
57.75,1656
57.25,1657
56.81,1658
56.31,1659
55.94,1660
55.75,1661
55.81,1662
56.06,1663
56.5,1664
57.13,1665
57.75,1666
58.56,1667
59.13,1668
59.44,1669
59.56,1670
59.63,1671
59.5,1672
59.31,1673
59.06,1674
58.63,1675
58.25,1676
57.81,1677
57.31,1678
56.81,1679
56.38,1680
55.94,1681
55.75,1682
55.75,1683
56.06,1684
56.5,1685
57.06,1686
57.75,1687
58.5,1688
59.06,1689
59.44,1690
59.63,1691
59.56,1692
59.44,1693
59.25,1694
58.94,1695
58.56,1696
58.13,1697
57.69,1698
57.19,1699
56.69,1700
56.25,1701
55.81,1702
55.63,1703
55.63,1704
55.94,1705
56.38,1706
57.0,1707
57.75,1708
58.5,1709
59.38,1710
60.0,1711
60.38,1712
60.56,1713
60.56,1714
60.5,1715
60.31,1716
59.94,1717
59.56,1718
59.19,1719
58.69,1720
58.25,1721
57.69,1722
57.19,1723
56.63,1724
56.19,1725
55.69,1726
55.44,1727
55.5,1728
55.75,1729
56.19,1730
56.81,1731
57.56,1732
58.31,1733
59.13,1734
59.81,1735
60.19,1736
60.38,1737
60.38,1738
60.25,1739
60.06,1740
59.75,1741
59.38,1742
58.94,1743
58.5,1744
58.06,1745
57.56,1746
57.0,1747
56.5,1748
56.06,1749
55.88,1750
55.88,1751
56.13,1752
56.56,1753
57.19,1754
57.88,1755
58.63,1756
59.13,1757
59.5,1758
59.63,1759
59.63,1760
59.5,1761
59.25,1762
59.0,1763
58.63,1764
58.19,1765
57.75,1766
57.25,1767
56.75,1768
56.38,1769
55.88,1770
55.69,1771
55.75,1772
56.0,1773
56.5,1774
57.06,1775
57.75,1776
58.5,1777
59.13,1778
59.44,1779
59.63,1780
59.56,1781
59.44,1782
59.19,1783
58.88,1784
58.5,1785
58.13,1786
57.63,1787
57.19,1788
56.69,1789
56.25,1790
55.88,1791
55.63,1792
55.69,1793
55.94,1794
56.38,1795
57.0,1796
57.75,1797
58.56,1798
59.38,1799
60.0,1800
60.44,1801
60.75,1802
61.13,1803
61.56,1804
62.19,1805
62.94,1806
63.69,1807
64.56,1808
65.5,1809
66.5,1810
67.5,1811
68.5,1812
69.56,1813
70.62,1814
71.62,1815
72.69,1816
73.69,1817
74.81,1818
75.81,1819
76.81,1820
77.81,1821
78.81,1822
79.75,1823
80.75,1824
81.62,1825
82.56,1826
83.5,1827
84.37,1828
85.25,1829
86.06,1830
86.94,1831
87.75,1832
88.56,1833
89.31,1834
90.12,1835
90.81,1836
91.44,1837
91.81,1838
91.81,1839
91.62,1840
91.19,1841
90.56,1842
89.87,1843
89.06,1844
88.25,1845
87.62,1846
87.19,1847
87.0,1848
86.94,1849
87.06,1850
87.31,1851
87.62,1852
88.0,1853
88.5,1854
89.06,1855
89.56,1856
90.12,1857
90.62,1858
91.25,1859
91.56,1860
91.56,1861
91.31,1862
90.87,1863
90.25,1864
89.56,1865
88.75,1866
87.94,1867
87.31,1868
86.94,1869
86.69,1870
86.69,1871
86.81,1872
87.06,1873
87.37,1874
87.75,1875
88.25,1876
88.75,1877
89.37,1878
90.0,1879
90.62,1880
91.25,1881
91.81,1882
92.12,1883
92.12,1884
91.94,1885
91.44,1886
90.87,1887
90.12,1888
89.31,1889
88.5,1890
87.62,1891
86.94,1892
86.5,1893
86.31,1894
86.19,1895
86.31,1896
86.56,1897
86.87,1898
87.37,1899
87.87,1900
88.44,1901
89.0,1902
89.69,1903
90.31,1904
91.0,1905
91.62,1906
91.94,1907
92.0,1908
91.81,1909
91.37,1910
90.75,1911
90.0,1912
89.25,1913
88.44,1914
87.81,1915
87.37,1916
87.19,1917
87.12,1918
87.31,1919
87.56,1920
87.87,1921
88.37,1922
88.81,1923
89.37,1924
89.94,1925
90.62,1926
91.12,1927
91.75,1928
92.0,1929
92.06,1930
91.81,1931
91.37,1932
90.75,1933
90.0,1934
89.25,1935
88.44,1936
87.81,1937
87.44,1938
87.25,1939
87.25,1940
87.37,1941
87.62,1942
87.94,1943
88.37,1944
88.87,1945
89.37,1946
90.0,1947
90.62,1948
91.19,1949
91.75,1950
92.06,1951
92.06,1952
91.81,1953
91.37,1954
90.81,1955
90.06,1956
89.25,1957
88.44,1958
87.56,1959
86.87,1960
86.5,1961
86.25,1962
86.19,1963
86.31,1964
86.56,1965
86.87,1966
87.37,1967
87.87,1968
88.44,1969
89.06,1970
89.69,1971
90.31,1972
90.94,1973
91.56,1974
91.81,1975
91.87,1976
91.62,1977
91.19,1978
90.62,1979
89.87,1980
89.12,1981
88.31,1982
87.69,1983
87.31,1984
87.12,1985
87.06,1986
87.19,1987
87.44,1988
87.81,1989
88.25,1990
88.75,1991
89.31,1992
89.87,1993
90.5,1994
91.06,1995
91.69,1996
91.94,1997
91.94,1998
91.69,1999
91.25,2000
90.62,2001
89.87,2002
89.19,2003
88.31,2004
87.75,2005
87.31,2006
87.12,2007
87.12,2008
87.25,2009
87.56,2010
87.94,2011
88.31,2012
88.81,2013
89.37,2014
89.94,2015
90.62,2016
91.12,2017
91.69,2018
92.0,2019
92.0,2020
91.75,2021
91.31,2022
90.75,2023
90.0,2024
89.25,2025
88.44,2026
87.81,2027
87.44,2028
87.19,2029
87.19,2030
87.37,2031
87.56,2032
87.94,2033
88.37,2034
88.87,2035
89.44,2036
90.0,2037
90.69,2038
91.25,2039
91.81,2040
92.12,2041
92.12,2042
91.87,2043
91.44,2044
90.87,2045
90.12,2046
89.25,2047
88.5,2048
87.56,2049
86.94,2050
86.5,2051
86.25,2052
86.25,2053
86.31,2054
86.56,2055
86.94,2056
87.37,2057
87.87,2058
88.5,2059
89.12,2060
89.75,2061
90.44,2062
91.0,2063
91.62,2064
91.87,2065
91.94,2066
91.75,2067
91.31,2068
90.69,2069
90.0,2070
89.25,2071
88.44,2072
87.81,2073
87.44,2074
87.19,2075
87.19,2076
87.31,2077
87.56,2078
87.87,2079
88.37,2080
88.81,2081
89.44,2082
90.0,2083
90.62,2084
91.19,2085
91.75,2086
92.0,2087
92.06,2088
91.81,2089
91.37,2090
90.81,2091
90.06,2092
89.25,2093
88.44,2094
87.62,2095
86.94,2096
86.44,2097
86.25,2098
86.19,2099
86.37,2100
86.62,2101
87.0,2102
87.44,2103
87.94,2104
88.5,2105
89.12,2106
89.75,2107
90.37,2108
91.06,2109
91.75,2110
92.37,2111
93.12,2112
93.81,2113
94.5,2114
95.12,2115
95.75,2116
96.0,2117
96.0,2118
95.69,2119
95.25,2120
94.56,2121
93.81,2122
92.94,2123
92.12,2124
91.44,2125
91.0,2126
90.69,2127
90.62,2128
90.69,2129
90.87,2130
91.12,2131
91.5,2132
91.94,2133
92.44,2134
93.06,2135
93.62,2136
94.25,2137
94.75,2138
95.25,2139
95.5,2140
95.5,2141
95.19,2142
94.75,2143
94.0,2144
93.31,2145
92.56,2146
92.0,2147
91.62,2148
91.44,2149
91.31,2150
91.44,2151
91.56,2152
91.87,2153
92.25,2154
92.69,2155
93.19,2156
93.75,2157
94.31,2158
94.75,2159
95.31,2160
95.5,2161
95.37,2162
95.06,2163
94.56,2164
93.94,2165
93.19,2166
92.44,2167
91.81,2168
91.37,2169
91.19,2170
91.06,2171
91.12,2172
91.37,2173
91.62,2174
92.06,2175
92.5,2176
93.06,2177
93.56,2178
94.19,2179
94.75,2180
95.31,2181
95.56,2182
95.44,2183
95.12,2184
94.62,2185
94.0,2186
93.31,2187
92.5,2188
91.87,2189
91.5,2190
91.25,2191
91.19,2192
91.25,2193
91.44,2194
91.81,2195
92.19,2196
92.62,2197
93.12,2198
93.69,2199
94.25,2200
94.81,2201
95.19,2202
95.37,2203
95.19,2204
94.87,2205
94.44,2206
93.81,2207
93.12,2208
92.37,2209
91.81,2210
91.44,2211
91.19,2212
91.19,2213
91.31,2214
91.56,2215
91.94,2216
92.25,2217
92.69,2218
93.25,2219
93.75,2220
94.37,2221
94.87,2222
95.31,2223
95.5,2224
95.5,2225
95.19,2226
94.62,2227
93.94,2228
93.25,2229
92.44,2230
91.81,2231
91.37,2232
91.12,2233
91.06,2234
91.19,2235
91.5,2236
91.81,2237
92.19,2238
92.56,2239
93.0,2240
93.56,2241
94.06,2242
94.62,2243
95.12,2244
95.37,2245
95.31,2246
95.0,2247
94.5,2248
93.94,2249
93.19,2250
92.44,2251
91.75,2252
91.31,2253
91.06,2254
91.06,2255
91.19,2256
91.37,2257
91.56,2258
92.0,2259
92.44,2260
92.94,2261
93.56,2262
94.19,2263
94.62,2264
95.12,2265
95.31,2266
95.31,2267
95.0,2268
94.5,2269
93.81,2270
93.06,2271
92.25,2272
91.56,2273
91.12,2274
90.94,2275
90.87,2276
90.94,2277
91.12,2278
91.44,2279
91.81,2280
92.25,2281
92.69,2282
93.25,2283
93.75,2284
94.31,2285
94.81,2286
95.31,2287
95.56,2288
95.56,2289
95.31,2290
94.81,2291
94.19,2292
93.37,2293
92.5,2294
91.62,2295
90.94,2296
90.44,2297
90.19,2298
90.06,2299
90.12,2300
90.31,2301
90.62,2302
91.0,2303
91.5,2304
92.0,2305
92.56,2306
93.19,2307
93.75,2308
94.37,2309
94.94,2310
95.5,2311
95.75,2312
95.69,2313
95.44,2314
94.94,2315
94.31,2316
93.5,2317
92.62,2318
91.75,2319
91.0,2320
90.56,2321
90.31,2322
90.25,2323
90.31,2324
90.44,2325
90.75,2326
91.12,2327
91.56,2328
92.06,2329
92.62,2330
93.19,2331
93.75,2332
94.44,2333
95.0,2334
95.56,2335
95.94,2336
95.87,2337
95.62,2338
95.06,2339
94.37,2340
93.62,2341
92.81,2342
91.94,2343
91.19,2344
90.75,2345
90.5,2346
90.44,2347
90.5,2348
90.62,2349
90.94,2350
91.31,2351
91.81,2352
92.31,2353
92.81,2354
93.44,2355
94.0,2356
94.56,2357
95.12,2358
95.69,2359
95.94,2360
95.87,2361
95.56,2362
95.12,2363
94.44,2364
93.69,2365
92.87,2366
92.0,2367
91.31,2368
90.87,2369
90.62,2370
90.5,2371
90.56,2372
90.81,2373
91.12,2374
91.44,2375
91.94,2376
92.5,2377
93.06,2378
93.69,2379
94.25,2380
94.75,2381
95.25,2382
95.5,2383
95.44,2384
95.19,2385
94.69,2386
94.06,2387
93.25,2388
92.5,2389
91.62,2390
90.94,2391
90.5,2392
90.19,2393
90.12,2394
90.25,2395
90.44,2396
90.75,2397
91.19,2398
91.62,2399
92.19,2400
92.69,2401
93.12,2402
93.37,2403
93.37,2404
93.06,2405
92.62,2406
91.94,2407
91.19,2408
90.37,2409
89.56,2410
88.62,2411
87.62,2412
86.62,2413
85.56,2414
84.5,2415
83.44,2416
82.31,2417
81.19,2418
80.06,2419
79.0,2420
78.0,2421
76.94,2422
75.94,2423
74.94,2424
74.0,2425
73.06,2426
72.12,2427
71.12,2428
70.19,2429
69.31,2430
68.5,2431
67.69,2432
66.94,2433
66.19,2434
65.44,2435
64.69,2436
63.94,2437
63.25,2438
62.44,2439
61.69,2440
60.94,2441
60.25,2442
59.56,2443
59.0,2444
58.44,2445
57.88,2446
57.25,2447
56.69,2448
56.19,2449
55.75,2450
55.5,2451
55.5,2452
55.69,2453
56.19,2454
56.75,2455
57.56,2456
58.38,2457
59.31,2458
59.94,2459
60.38,2460
60.63,2461
60.69,2462
60.63,2463
60.5,2464
60.25,2465
59.88,2466
59.44,2467
59.0,2468
58.5,2469
57.94,2470
57.5,2471
57.0,2472
56.56,2473
56.13,2474
55.94,2475
56.0,2476
56.25,2477
56.75,2478
57.38,2479
58.0,2480
58.81,2481
59.38,2482
59.69,2483
59.88,2484
59.88,2485
59.81,2486
59.56,2487
59.31,2488
58.94,2489
58.56,2490
58.13,2491
57.69,2492
57.19,2493
56.69,2494
56.19,2495
55.75,2496
55.63,2497
55.69,2498
55.94,2499
56.44,2500
57.06,2501
57.69,2502
58.5,2503
59.06,2504
59.44,2505
59.63,2506
59.63,2507
59.5,2508
59.38,2509
59.06,2510
58.69,2511
58.31,2512
57.88,2513
57.38,2514
56.94,2515
56.5,2516
56.0,2517
55.81,2518
55.81,2519
56.13,2520
56.56,2521
57.19,2522
57.81,2523
58.56,2524
59.13,2525
59.5,2526
59.63,2527
59.63,2528
59.5,2529
59.31,2530
59.0,2531
58.63,2532
58.19,2533
57.75,2534
57.31,2535
56.81,2536
56.38,2537
55.94,2538
55.75,2539
55.81,2540
56.06,2541
56.5,2542
57.19,2543
57.81,2544
58.56,2545
59.13,2546
59.44,2547
59.56,2548
59.56,2549
59.44,2550
59.19,2551
58.94,2552
58.56,2553
58.13,2554
57.75,2555
57.25,2556
56.81,2557
56.31,2558
55.94,2559
55.69,2560
55.75,2561
56.0,2562
56.44,2563
57.06,2564
57.75,2565
58.5,2566
59.06,2567
59.44,2568
59.56,2569
59.56,2570
59.44,2571
59.19,2572
58.88,2573
58.56,2574
58.13,2575
57.75,2576
57.19,2577
56.69,2578
56.25,2579
55.81,2580
55.63,2581
55.69,2582
55.94,2583
56.38,2584
57.06,2585
57.69,2586
58.44,2587
59.0,2588
59.38,2589
59.5,2590
59.44,2591
59.31,2592
59.13,2593
58.81,2594
58.44,2595
58.0,2596
57.56,2597
57.06,2598
56.56,2599
56.13,2600
55.69,2601
55.56,2602
55.56,2603
55.81,2604
56.19,2605
56.81,2606
57.63,2607
58.38,2608
59.19,2609
59.81,2610
60.19,2611
60.38,2612
60.38,2613
60.25,2614
60.06,2615
59.75,2616
59.38,2617
58.94,2618
58.56,2619
58.06,2620
57.56,2621
57.06,2622
56.5,2623
56.0,2624
55.56,2625
55.31,2626
55.38,2627
55.56,2628
56.0,2629
56.63,2630
57.31,2631
58.06,2632
58.88,2633
59.56,2634
59.94,2635
60.13,2636
60.19,2637
60.0,2638
59.81,2639
59.44,2640
59.06,2641
58.69,2642
58.25,2643
57.69,2644
57.19,2645
56.69,2646
56.19,2647
55.75,2648
55.56,2649
55.56,2650
55.81,2651
56.31,2652
56.88,2653
57.63,2654
58.31,2655
59.13,2656
59.75,2657
60.19,2658
60.31,2659
60.38,2660
60.25,2661
60.0,2662
59.75,2663
59.31,2664
58.88,2665
58.44,2666
57.94,2667
57.44,2668
56.94,2669
56.44,2670
56.0,2671
55.81,2672
55.81,2673
56.13,2674
56.56,2675
57.19,2676
57.81,2677
58.56,2678
59.13,2679
59.44,2680
59.56,2681
59.56,2682
59.44,2683
59.19,2684
58.88,2685
58.5,2686
58.13,2687
57.63,2688
57.19,2689
56.63,2690
56.25,2691
55.81,2692
55.63,2693
55.69,2694
56.0,2695
56.44,2696
57.06,2697
57.75,2698
58.5,2699
59.0,2700
59.38,2701
59.63,2702
59.94,2703
60.44,2704
61.06,2705
61.75,2706
62.56,2707
63.44,2708
64.37,2709
65.31,2710
66.31,2711
67.31,2712
68.37,2713
69.44,2714
70.5,2715
71.56,2716
72.62,2717
73.69,2718
74.75,2719
75.81,2720
76.75,2721
77.75,2722
78.69,2723
79.62,2724
80.56,2725
81.5,2726
82.37,2727
83.19,2728
84.06,2729
84.87,2730
85.69,2731
86.5,2732
87.31,2733
88.12,2734
88.81,2735
89.62,2736
90.31,2737
90.94,2738
91.56,2739
91.87,2740
91.87,2741
91.62,2742
91.12,2743
90.56,2744
89.75,2745
89.0,2746
88.19,2747
87.5,2748
87.06,2749
86.87,2750
86.87,2751
86.94,2752
87.25,2753
87.5,2754
87.94,2755
88.5,2756
88.94,2757
89.5,2758
90.06,2759
90.62,2760
91.19,2761
91.37,2762
91.37,2763
91.12,2764
90.62,2765
90.0,2766
89.37,2767
88.69,2768
88.12,2769
87.75,2770
87.62,2771
87.62,2772
87.69,2773
87.94,2774
88.25,2775
88.69,2776
89.19,2777
89.69,2778
90.25,2779
90.75,2780
91.31,2781
91.56,2782
91.56,2783
91.25,2784
90.75,2785
90.19,2786
89.44,2787
88.69,2788
87.87,2789
87.25,2790
86.87,2791
86.62,2792
86.56,2793
86.75,2794
87.0,2795
87.37,2796
87.81,2797
88.31,2798
88.87,2799
89.44,2800
90.06,2801
90.62,2802
91.19,2803
91.44,2804
91.44,2805
91.19,2806
90.75,2807
90.19,2808
89.44,2809
88.69,2810
87.87,2811
87.25,2812
86.81,2813
86.62,2814
86.69,2815
86.87,2816
87.19,2817
87.5,2818
87.87,2819
88.37,2820
88.87,2821
89.44,2822
90.06,2823
90.62,2824
91.12,2825
91.37,2826
91.37,2827
91.12,2828
90.69,2829
90.06,2830
89.31,2831
88.62,2832
87.81,2833
87.19,2834
86.75,2835
86.56,2836
86.56,2837
86.69,2838
86.94,2839
87.25,2840
87.69,2841
88.25,2842
88.75,2843
89.37,2844
90.0,2845
90.56,2846
91.0,2847
91.56,2848
91.87,2849
91.87,2850
91.62,2851
91.12,2852
90.56,2853
89.81,2854
89.06,2855
88.31,2856
87.62,2857
87.25,2858
87.12,2859
87.06,2860
87.19,2861
87.5,2862
87.81,2863
88.25,2864
88.81,2865
89.31,2866
89.94,2867
90.56,2868
91.06,2869
91.62,2870
91.87,2871
91.87,2872
91.56,2873
91.06,2874
90.44,2875
89.62,2876
88.87,2877
88.06,2878
87.44,2879
87.06,2880
86.81,2881
86.75,2882
86.94,2883
87.19,2884
