23.06
23.0
23.0
22.87
22.87
22.87
22.87
22.87
22.87
22.87
22.87
22.69
22.69
22.69
22.69
22.69
22.69
22.69
22.69
22.69
22.69
22.69
22.69
22.69
22.69
22.69
22.69
22.69
22.69
22.69
22.69
22.69
22.62
22.62
22.62
22.69
22.62
22.62
22.62
22.62
22.62
22.62
22.62
22.62
22.62
22.62
22.62
22.62
22.62
22.62
22.62
22.62
22.62
22.62
22.62
22.62
22.62
22.62
22.62
22.62
22.62
22.62
22.62
22.62
22.62
22.56
22.56
22.56
22.56
22.56
22.56
22.56
22.56
22.56
22.56
22.56
22.56
22.56
22.56
22.56
22.56
22.56
22.56
22.56
22.56
22.56
22.56
22.56
22.56
22.56
22.56
22.56
22.56
22.56
22.56
22.56
22.56
22.56
22.56
22.56
22.56
22.56
22.56
22.56
22.56
22.56
22.56
22.56
22.56
22.56
22.62
22.62
22.62
22.56
22.56
22.56
22.62
22.56
22.56
22.56
22.56
22.56
22.56
22.56
22.56
22.56
22.56
22.56
22.56
22.56
22.56
22.56
22.56
22.56
22.56
22.56
22.56
22.56
22.56
22.56
22.56
22.56
22.56
22.56
22.56
22.56
22.56
22.56
22.56
22.56
22.56
22.56
22.56
22.56
22.56
22.56
22.56
22.56
22.56
22.56
22.56
22.56
22.56
22.56
22.56
22.56
22.56
22.56
22.56
22.56
22.56
22.56
22.56
22.56
22.56
22.56
22.56
22.56
22.56
22.56
22.56
22.56
22.56
22.56
22.56
22.56
22.56
22.56
22.56
22.56
22.56
22.56
22.56
22.56
22.56
22.56
22.56
22.56
22.56
22.56
22.56
22.56
22.56
22.56
22.56
22.62
22.62
22.69
22.69
22.75
22.75
22.81
22.87
22.87
22.87
22.94
23.0
23.0
23.0
23.06
23.06
23.12
23.12
23.19
23.19
23.19
23.25
23.25
23.25
23.31
23.31
23.31
23.37
23.37
23.37
23.37
23.44
23.44
23.44
23.5
23.5
23.5
23.5
23.56
23.56
23.56
23.62
23.62
23.62
23.62
23.62
23.69
23.69
23.69
23.69
23.75
23.75
23.75
23.75
23.81
23.81
23.81
23.81
23.81
23.87
23.87
23.87
23.87
23.87
23.94
23.94
23.94
23.94
23.94
23.94
24.0
24.0
24.0
24.0
24.0
24.0
24.0
24.06
24.06
24.06
24.06
24.06
24.12
24.12
24.12
24.12
24.12
24.12
24.12
24.19
24.19
24.19
24.19
24.19
24.19
24.19
24.19
24.25
24.19
24.25
24.25
24.25
24.19
24.19
24.19
24.19
24.19
24.19
24.19
24.25
24.25
24.25
24.25
24.25
24.25
24.31
24.31
24.31
24.31
24.31
24.31
24.31
24.25
24.12
24.12
24.12
24.19
24.25
24.25
24.25
24.31
24.31
24.31
24.31
24.62
24.69
24.69
24.94
25.12
25.25
25.25
25.31
25.37
25.37
25.37
25.44
25.37
25.31
25.25
25.25
25.25
25.25
25.25
25.25
25.25
25.25
25.25
25.25
25.25
25.25
25.25
25.25
25.31
25.25
25.25
25.31
25.31
25.31
25.31
25.31
25.31
25.31
25.31
25.31
25.37
25.37
25.37
25.37
25.37
25.37
25.37
25.37
25.37
25.37
25.37
25.37
25.37
25.37
25.37
25.37
25.44
25.44
25.44
25.44
25.44
25.44
25.44
25.44
25.44
25.44
25.44
25.44
25.44
25.5
25.5
25.5
25.5
25.5
25.5
25.5
25.5
25.5
25.5
25.5
25.5
25.5
25.5
25.5
25.5
25.56
25.5
25.56
25.56
25.56
25.56
25.56
25.56
25.56
25.56
25.25
25.25
25.19
25.19
25.12
25.12
25.06
25.06
25.0
25.0
24.94
24.94
24.87
24.87
24.81
24.81
24.81
24.75
24.75
24.69
24.69
24.69
24.62
24.62
24.62
24.56
24.56
24.56
24.5
24.5
24.5
24.5
24.44
24.44
24.5
24.62
24.69
24.75
24.81
24.87
24.94
24.94
25.0
25.0
25.06
25.06
25.12
25.12
25.19
25.19
25.31
25.37
25.5
25.56
25.69
25.75
25.81
25.87
25.94
26.0
26.0
26.06
26.12
26.19
26.19
26.25
26.31
26.31
26.37
26.37
26.44
26.5
26.5
26.56
26.56
26.62
26.69
26.69
26.69
26.75
26.75
26.81
26.81
26.81
26.87
26.87
26.94
26.94
26.94
27.0
27.0
27.06
27.06
27.12
27.12
27.12
27.19
27.19
27.19
27.25
27.25
27.25
27.25
27.31
27.31
27.31
27.31
27.37
27.37
27.37
27.44
27.44
27.5
27.5
27.5
27.5
27.56
27.56
27.56
27.62
27.62
27.62
27.62
27.62
27.69
27.69
27.69
27.69
27.75
27.75
27.75
27.75
27.81
27.81
27.81
27.81
27.81
27.81
27.87
27.87
27.87
27.87
27.94
27.94
27.94
27.94
27.94
28.0
27.94
28.0
28.0
28.0
28.0
28.06
28.06
28.06
28.12
28.19
28.25
28.37
28.5
28.62
28.75
28.81
28.94
29.0
29.06
29.12
29.19
29.25
29.31
29.37
29.44
29.5
29.56
29.62
29.69
29.69
29.75
29.81
29.81
29.87
29.94
30.0
30.0
30.06
30.12
30.12
30.19
30.25
30.25
30.31
30.31
30.31
30.37
30.44
30.44
30.5
30.5
30.56
30.56
30.62
30.62
30.62
30.69
30.75
30.75
30.75
30.81
30.87
30.87
30.94
30.94
30.94
31.0
31.06
31.06
31.06
31.12
31.19
31.19
31.19
31.25
31.25
31.25
31.31
31.31
31.31
31.37
31.37
31.44
31.44
31.44
31.5
31.5
31.5
31.56
31.56
31.56
31.62
31.62
31.62
31.62
31.62
31.69
31.69
31.69
31.75
31.75
31.75
31.75
31.81
31.81
31.87
31.87
31.87
31.87
31.87
31.94
31.94
31.94
31.94
32.0
32.0
32.0
32.06
32.06
32.06
32.06
32.13
32.13
32.13
32.13
32.13
32.19
32.19
32.19
32.19
32.25
32.19
32.25
32.25
32.25
32.25
32.25
32.25
32.25
32.31
32.31
32.31
32.31
32.38
32.38
32.38
32.38
32.38
32.44
32.44
32.44
32.44
32.44
32.44
32.44
32.5
32.5
32.56
32.56
32.44
32.19
32.0
32.0
32.0
32.0
32.06
32.0
31.75
31.5
30.87
30.94
31.06
31.56
31.94
32.19
32.31
32.44
32.5
32.63
32.69
32.94
33.31
33.5
33.75
33.94
34.13
34.31
34.44
34.56
34.69
34.81
34.94
35.0
35.13
35.25
35.31
35.38
35.44
35.5
35.5
35.56
35.63
35.63
35.63
35.69
35.69
35.75
35.75
35.81
35.88
35.88
35.94
36.0
36.0
36.0
36.06
36.06
36.13
36.19
36.19
36.25
36.31
36.31
36.38
36.38
36.44
36.44
36.5
36.56
36.56
36.63
36.63
36.69
36.69
36.75
36.75
36.75
36.81
36.81
36.81
36.88
36.88
36.88
36.94
37.0
37.0
37.0
37.06
37.06
37.06
37.06
37.13
37.13
37.13
37.13
37.19
37.19
37.19
37.25
37.25
37.25
37.31
37.38
37.38
37.38
37.38
37.38
37.38
37.44
37.38
37.44
37.44
37.44
37.44
37.44
37.44
37.44
37.44
37.44
37.44
37.44
37.5
37.5
37.5
37.5
37.5
37.56
37.56
37.56
37.5
37.5
37.5
37.5
37.5
37.5
37.5
37.5
37.5
37.5
37.44
37.44
37.44
37.44
37.44
37.44
37.5
37.56
37.63
37.63
37.63
37.63
37.63
37.56
37.56
37.5
37.5
37.5
37.44
37.44
37.44
37.5
37.56
37.63
37.63
37.63
37.63
37.69
37.75
37.81
38.0
38.25
38.31
38.63
38.38
38.06
37.69
37.31
37.0
36.69
36.38
35.94
35.63
35.38
35.13
34.94
34.69
34.38
33.88
33.63
33.44
33.31
33.25
33.13
33.44
34.0
34.5
34.94
35.38
35.75
36.06
36.31
36.63
36.81
37.06
37.25
37.44
37.63
37.81
38.0
38.13
38.31
38.44
38.56
38.69
38.81
38.88
39.0
39.06
39.19
39.25
39.38
39.44
39.56
39.63
39.69
39.81
39.88
39.94
40.06
40.13
40.25
40.25
40.38
40.44
40.5
40.63
40.69
40.75
40.81
40.88
40.94
41.0
41.06
41.13
41.19
41.19
41.25
41.31
41.38
41.44
41.5
41.5
41.56
41.63
41.69
41.75
41.81
41.88
42.13
42.38
42.63
42.19
41.75
41.44
41.25
41.13
41.06
41.0
40.94
40.94
41.0
41.13
41.31
41.5
41.75
42.0
42.25
42.44
42.63
42.75
42.88
43.06
43.13
43.19
43.13
42.81
42.38
41.94
41.5
41.06
40.63
40.19
39.81
39.44
38.63
38.0
37.81
37.63
37.5
37.06
36.88
36.63
36.25
35.81
